10
7
16
16
10
14
19
10
17
19
15
25
22
29
29
47
12
14
18
20
15
25
18
30
31
33
32
41
26
27
34
40
47
54
29
43
42
47
46
64
70
57
48
30
29
39
39
42
41
40
50
23
47
62
47
60
37
57
68
62
55
48
67
67
57
73
63
59
93
57
96
88
70
85
79
74
80
84
99
99
94
75
115
85
88
96
133
115
117
131
112
107
109
60
89
90
81
67
92
74
95
97
88
72
73
100
75
73
84
102
79
81
102
95
82
90
107
118
102
103
93
101
112
103
129
138
129
125
96
125
124
130
147
125
130
118
134
143
127
138
154
138
110
173
119
134
180
127
168
164
148
166
167
166
175
165
164
169
173
201
139
179
172
227
158
221
206
181
202
198
185
188
198
179
191
208
198
236
201
202
213
213
223
231
209
212
230
215
220
227
212
234
222
223
245
124
156
118
151
145
158
136
159
150
142
163
167
162
144
150
158
148
167
167
149
158
153
188
148
187
153
178
158
156
203
215
167
190
189
198
182
188
224
170
189
186
211
177
230
218
224
237
216
186
199
197
273
196
199
237
240
198
231
221
188
213
195
239
204
219
236
216
232
203
267
231
225
236
254
274
219
256
279
276
269
245
261
271
232
278
293
267
269
252
259
264
268
271
258
293
256
297
267
293
266
268
294
280
287
265
257
304
298
307
279
275
284
295
301
294
323
354
329
319
322
290
339
373
347
319
354
313
310
332
301
350
303
324
347
349
350
350
347
305
361
369
332
370
367
363
328
388
386
379
386
328
365
355
388
383
380
377
377
400
381
337
391
394
389
372
366
425
401
404
409
430
400
412
427
449
425
392
424
428
440
407
460
473
422
432
461
473
439
417
447
440
456
460
426
425
445
442
472
477
444
485
460
460
466
513
263
246
305
284
289
316
324
347
269
292
312
327
286
289
276
303
371
322
303
316
300
321
296
315
331
331
338
327
312
301
300
318
316
315
338
300
337
305
345
324
323
306
330
338
323
352
369
398
395
354
365
356
397
326
349
375
338
359
351
352
370
355
361
380
389
323
397
353
380
351
381
333
393
379
382
373
392
347
375
390
372
353
399
388
394
389
361
403
360
434
367
460
416
400
422
362
424
427
384
426
451
401
419
477
414
432
481
447
412
464
417
431
443
446
432
429
484
421
481
401
414
455
416
460
466
431
434
469
448
533
474
470
493
426
465
472
537
468
445
437
498
445
485
510
469
471
529
461
462
475
441
497
499
491
487
533
520
555
489
513
524
518
470
520
519
588
526
540
485
526
558
573
529
507
513
499
577
491
562
540
524
537
519
532
512
595
521
576
552
569
523
581
566
569
607
588
570
600
580
574
527
514
552
573
574
585
536
630
572
582
619
596
569
603
557
626
584
593
627
602
567
576
634
617
646
604
605
598
646
657
573
632
681
632
659
630
662
593
631
652
674
664
579
626
647
662
693
666
657
645
652
644
660
670
654
640
586
648
689
665
706
698
668
625
704
706
702
741
680
697
684
699
733
710
658
708
745
700
664
730
682
717
711
671
704
665
715
718
695
740
758
725
714
729
704
680
743
753
750
741
702
800
744
752
699
712
792
801
778
780
746
762
763
786
735
746
806
816
743
735
732
799
762
754
804
765
805
758
793
769
752
782
854
808
780
798
800
836
787
870
892
802
771
852
814
854
817
827
849
862
872
750
864
871
863
848
839
899
828
867
878
797
811
879
880
907
827
846
937
888
967
862
853
918
834
843
955
876
829
854
907
921
929
907
904
935
901
889
884
909
887
917
873
954
870
958
946
962
913
949
946
855
993
940
973
920
936
965
880
949
