9
7
16
6
12
7
17
20
17
34
27
26
15
21
24
29
21
22
21
15
20
30
17
23
30
41
37
34
28
29
27
27
42
56
58
43
43
49
63
55
62
63
32
44
32
26
54
42
46
47
54
42
50
55
40
54
62
62
69
47
71
75
67
63
63
66
63
73
73
75
70
93
106
80
85
105
96
105
101
99
87
91
105
88
107
93
119
106
109
92
135
124
118
75
79
70
75
74
80
84
92
74
70
94
80
79
96
106
90
84
91
100
88
105
107
95
97
117
107
94
100
98
102
114
114
118
100
108
108
123
121
101
146
117
108
116
138
144
126
162
165
133
150
138
126
127
160
132
146
156
153
192
141
170
174
163
148
161
182
181
198
172
156
170
181
178
187
164
171
207
162
194
206
215
172
195
208
202
226
184
200
227
204
230
251
283
242
227
228
237
231
221
215
232
219
179
111
128
153
113
167
128
143
178
145
151
134
126
151
169
161
175
192
178
170
186
175
169
186
168
157
170
177
174
184
187
170
172
213
202
212
166
204
207
188
194
201
217
176
196
180
228
188
196
220
216
236
207
227
206
204
270
215
216
234
235
243
238
240
212
242
226
233
222
245
225
249
243
227
260
281
238
246
258
251
280
288
234
256
230
210
276
238
270
267
272
263
264
276
281
276
287
271
282
277
306
298
269
293
281
288
298
281
284
310
295
318
272
259
325
277
341
315
344
331
336
352
289
291
301
296
318
321
350
350
370
311
324
328
346
360
318
327
387
344
329
383
340
341
353
363
336
379
373
372
416
376
382
359
390
363
361
368
413
396
376
378
408
377
392
401
372
386
393
392
401
427
393
419
452
417
416
443
466
396
416
410
415
421
423
473
425
418
450
466
475
444
489
489
407
441
455
469
471
489
468
477
442
479
481
258
279
297
300
260
283
263
296
289
277
265
297
291
295
297
299
330
291
287
323
309
300
281
318
289
269
280
278
334
324
334
325
363
316
302
366
340
295
326
395
318
354
342
346
329
339
348
308
336
361
328
338
357
344
345
330
384
359
332
318
349
319
381
356
375
356
358
354
353
355
334
378
324
382
419
337
399
361
400
372
368
382
412
443
393
376
363
366
415
388
392
392
417
412
389
420
382
414
421
389
408
430
425
452
389
386
415
451
428
457
438
447
408
426
438
431
427
445
407
458
490
455
443
434
437
470
535
477
458
451
468
512
446
437
463
445
465
495
500
485
468
488
448
441
480
489
467
500
501
469
462
511
510
498
499
570
520
523
484
430
535
488
522
500
536
512
556
516
505
531
535
529
527
535
533
480
537
472
576
510
529
535
546
549
535
546
520
548
548
574
523
572
503
533
557
595
570
598
607
559
522
591
589
583
599
558
594
612
556
571
597
551
606
613
617
605
613
585
556
630
574
544
537
667
604
660
649
659
643
640
596
642
590
616
588
635
696
627
625
658
577
664
640
673
620
628
652
663
640
622
654
686
650
635
693
626
703
666
662
658
677
625
659
741
691
674
653
720
665
738
713
789
680
687
640
663
729
634
687
720
692
713
698
645
685
728
735
704
690
767
701
758
694
804
766
775
729
722
733
762
724
740
753
734
703
783
753
775
785
743
795
806
781
711
832
740
757
739
768
813
764
841
793
816
826
829
780
760
820
775
760
795
802
785
782
829
904
771
794
809
844
769
832
811
818
801
885
786
918
883
852
837
797
829
851
874
900
849
851
932
841
830
873
912
914
879
841
843
826
867
865
876
857
920
876
890
849
878
869
946
901
896
932
921
902
838
898
945
953
929
917
983
920
978
965
925
994
951
907
913
867
952
915
943
1014
888
995
977
937
918
