207
274
245
232
224
273
339
327
363
334
425
444
470
573
596
555
427
461
563
506
592
511
619
595
628
690
764
740
745
827
890
975
923
922
963
1053
1004
1094
1129
1231
1181
1275
909
892
913
921
1030
1009
1005
1048
1155
1064
1059
1150
1269
1225
1248
1277
1347
1402
1333
1373
1380
1500
1513
1509
1611
1609
1706
1663
1653
1812
1769
1759
1844
1931
1957
1822
2013
1946
2010
2004
2017
2125
2273
2290
2375
2311
2307
2441
2451
2462
2497
1700
1785
1815
1704
1837
1877
1901
1866
1895
2029
2041
2002
1951
2082
2056
1995
2022
2211
2228
2213
2203
2235
2266
2343
2296
2296
2359
2485
2447
2601
2439
2529
2704
2717
2794
2569
2839
2630
2793
2738
2858
2933
2855
2937
3092
3047
2755
3119
3070
2990
3097
3183
3261
3376
3319
3174
3225
3364
3453
3510
3437
3615
3763
3560
3525
3848
3723
3820
3959
3749
4004
3815
3995
3722
4087
3953
4208
3959
4133
4103
4158
4169
4170
4459
4357
4249
4501
4398
4495
4828
4322
4800
4662
4687
4824
4591
4800
4719
4872
4901
5034
4990
3571
3522
3477
3422
3641
3536
3708
3738
3488
3552
3681
3708
3662
3672
4020
3885
3906
3715
3900
4050
3790
3980
3926
4121
4048
4017
4047
4126
4229
4236
4087
4302
4181
4248
4385
4225
4361
4238
4709
4510
4574
4502
4567
4787
4638
4718
4758
4672
4736
4676
4774
4676
4813
4745
4994
4861
5046
4917
5092
5060
5057
5120
4958
5294
5246
5201
5401
5225
5353
5263
5448
5385
5272
5379
5604
5648
5492
5640
5654
5590
5612
5720
5695
5682
5802
5893
5798
5965
5862
5821
6005
6070
6168
6134
6208
6154
6026
6229
6154
6101
6607
6257
6429
6327
6739
6448
6334
6358
6271
6490
6579
6564
6813
6557
6599
6889
6765
7060
6814
6856
7142
7185
7181
6988
7026
7156
7161
7334
7310
7341
7097
7292
7143
7449
7527
7322
7423
7400
7560
7797
7574
7408
7491
7645
7749
7926
7827
8271
7904
8178
7899
7998
8073
8148
8102
7910
8294
8214
8354
8378
8310
8790
8388
8375
8409
8656
8585
8547
8773
8806
8697
8817
8800
8983
8901
8970
8813
8973
9232
8983
8932
9041
9258
9097
9402
9398
9511
9594
9413
9519
9337
9806
9585
9610
9655
9592
9656
9846
9888
9804
9849
9952
10125
9992
10048
6772
6975
6867
6914
7108
7033
6926
6984
7033
7248
6956
7268
6993
7249
7059
7171
7243
7076
7410
7267
7252
7413
7572
7585
7490
7405
7604
7407
7557
7810
7433
7691
7830
7669
7686
7918
7864
7774
7847
8074
7978
7924
7941
7996
7986
7752
8100
8144
8242
8011
7839
8039
8208
8382
8478
8278
8316
8466
8392
8353
8566
8445
8769
8675
8386
8649
8866
8798
8678
8555
8791
8622
8800
8952
8840
8703
8958
8877
8868
8706
9075
8888
9212
8895
9052
9012
8962
9198
9233
9218
9149
9141
8818
9302
9311
9384
9573
9443
9295
9543
9506
9846
9892
9622
9669
9618
9673
9674
9615
9975
9939
9967
10022
10011
10040
10010
9841
10080
10183
9996
10031
10322
10214
10183
10241
10499
10265
10378
10154
10427
10366
10657
10359
10293
10459
10445
10752
10663
10501
10285
10865
10606
10943
10867
10669
10760
11259
10773
11103
10757
10913
11189
11273
10977
11384
11088
11198
11218
11218
11070
11486
11227
11313
11528
11642
11207
11785
11699
12043
11789
11712
11770
11726
11692
11758
11702
11746
11597
12110
12084
11967
11734
12146
11861
12144
12248
12175
12107
11892
12161
12075
12368
12306
12175
12478
12502
12297
12867
12476
12703
12727
12587
12779
12915
12631
13096
12726
12652
12735
12954
13192
12800
13153
12791
12917
13054
13149
13474
13036
13538
13394
12957
13739
13288
13274
13381
13314
13671
13412
13300
13680
13759
13860
13589
13748
13669
13772
13932
13782
13886
13816
13756
13983
14297
14318
14030
